unsigned char ida_chars[] =
{
  127,  59,  14,   5,  38,  21,  37,  99, 100, 122, 
   60,  41,  65,  42,  18,  23,  88,  92,  76,  50, 
   77,  30,  36,  64, 103,  74,  78,  29,   7, 117, 
   25,  35,  12,  79,   1,  48,  27, 104,  15,  98, 
   63,  24, 105, 109, 126,  93, 106,  40,  49, 116, 
   84,  32,   3,  83, 120, 112,  58,  53, 101,  66, 
    4, 107,  31,  67,   6,  55,   0, 118,  33,   8, 
   11,  19,  82,  75,  47,  26,  89,  44,  86,  81, 
   46,  57,  87,  61, 102,  51,  68, 108, 111,  71, 
   22, 113,  95,  28,  20,  90,  96,  54,  97, 110, 
   45,  73, 124,  43,  52,  39,  17, 125,  13,  10, 
  119, 115,  34,  91,  85, 114,   9,  94,   2,  62, 
   80, 123,  70,  69,  56,  16,  72, 121
};